@tasks 20
T0 3 1(0) 5(0) 18(0)
T1 6 2(0) 3(0) 7(0) 12(0) 13(0) 19(0)
T2 0
T3 1 4(0)
T4 2 6(0) 10(0)
T5 2 9(0) 16(0)
T6 1 8(0)
T7 0
T8 1 15(0)
T9 2 11(0) 14(0)
T10 0
T11 0
T12 1 17(0)
T13 0
T14 0
T15 0
T16 0
T17 0
T18 0
T19 0
@proc 11
25 0 1 
59 0 1 
34 0 1 
30 0 1 
46 0 1 
61 0 1 
69 0 1 
22 0 1 
40 0 1
0 0 0 
0 0 0
@times
40 39 357 312 324 576 418 450 834 301 575 
36 51 687 707 896 617 231 853 759 466 586 
36 70 340 483 657 762 719 181 546 695 879 
6 26 260 310 448 788 668 164 970 325 741 
70 57 970 644 788 810 203 527 843 470 267 
34 10 228 357 637 934 289 675 414 414 450 
23 31 471 676 218 242 391 695 316 332 512 
37 59 495 257 832 698 897 393 549 566 779 
17 24 791 619 277 840 852 406 672 642 526 
22 41 257 499 740 701 321 381 896 485 421 
44 53 888 811 883 530 273 904 645 291 879 
37 59 145 772 409 813 646 820 162 263 277 
16 28 909 657 650 735 868 685 326 405 230 
60 9 603 552 159 247 881 364 695 469 438 
39 64 894 395 348 956 267 361 448 601 647 
7 27 698 213 745 858 831 830 506 821 947 
4 3 751 572 885 185 606 503 465 432 241 
56 43 961 603 308 202 351 661 131 765 921 
56 57 955 284 433 651 787 454 916 339 918 
8 53 315 397 184 726 594 424 721 698 180 
@cost
501 466 74 53 78 80 58 74 32 21 74 
760 522 61 99 17 60 21 17 84 49 87 
536 882 22 65 23 36 74 30 48 22 36 
932 583 46 84 48 27 31 43 21 43 100 
647 848 16 87 47 54 98 87 42 25 20 
813 903 17 77 15 57 53 84 42 83 60 
515 533 18 48 36 90 40 23 70 84 49 
794 546 54 97 57 99 92 44 72 85 53 
468 891 91 92 27 64 82 25 40 52 70 
918 525 23 24 49 79 52 95 76 60 16 
561 655 65 18 24 75 76 73 95 91 35 
480 503 92 73 54 47 50 68 32 62 89 
474 960 50 27 58 30 24 80 40 93 54 
600 693 40 87 63 15 75 59 42 58 96 
518 594 53 85 40 21 18 20 100 58 59 
475 568 100 48 35 69 74 58 23 65 45 
833 542 55 43 97 77 50 18 87 45 26 
951 948 97 82 19 70 95 63 53 64 18 
851 493 73 73 61 51 75 24 20 50 35 
514 571 81 74 55 49 100 98 53 70 16 
@comm 1
CHAN0 46 15 1 1 1 1 1 1 1 1 1 1 1 
