@tasks 20
T0 3 1(0) 2(0) 7(0)
T1 2 4(0) 5(0)
T2 3 3(0) 8(0) 10(0)
T3 2 6(0) 9(0)
T4 1 12(0)
T5 1 18(0)
T6 4 11(0) 13(0) 14(0) 19(0)
T7 1 15(0)
T8 0
T9 0
T10 1 17(0)
T11 0
T12 0
T13 0
T14 1 16(0)
T15 0
T16 0
T17 0
T18 0
T19 0
@proc 11
49 0 1 
26 0 1 
58 0 1 
41 0 1 
72 0 1 
50 0 1 
88 0 1 
20 0 1 
35 0 1
0 0 0 
0 0 0 
@times
2 67 944 600 538 356 646 797 575 510 672 
52 33 332 899 794 190 922 686 589 387 675 
59 54 350 155 683 224 436 439 548 820 890 
58 39 127 684 728 218 768 325 485 329 337 
25 33 629 235 400 668 393 281 485 854 533 
20 45 287 892 405 302 175 730 637 576 716 
59 19 786 485 161 596 165 588 426 208 543 
61 51 299 139 426 749 652 708 599 171 404 
42 3 364 718 755 734 318 397 924 242 503 
46 55 345 167 795 179 719 869 675 248 827 
14 30 869 754 731 866 603 784 904 331 241 
50 41 263 856 550 504 853 840 249 147 834 
46 8 364 891 901 826 963 942 207 749 151 
9 63 951 678 952 338 363 612 463 676 128 
64 61 642 562 318 849 876 727 408 834 798 
10 36 584 411 413 194 925 336 280 324 836 
32 11 180 925 304 636 549 502 642 887 149 
37 55 363 252 193 487 410 383 434 885 127 
9 58 329 468 639 672 496 494 615 406 548 
52 19 808 201 133 136 518 813 733 615 177 
@cost
726 543 98 28 42 32 31 60 42 33 59 
537 973 26 86 86 82 48 52 69 90 57 
582 758 72 96 39 35 100 22 49 60 67 
480 486 63 45 30 67 35 66 22 75 47 
546 476 64 53 22 83 25 90 35 71 86 
513 782 94 26 26 73 38 60 30 86 74 
650 538 65 49 42 51 44 85 17 57 34 
533 511 24 67 52 50 26 56 56 42 51 
567 497 73 46 49 45 67 29 97 42 88 
568 683 94 77 39 22 58 87 35 28 56 
488 825 95 27 27 50 47 43 76 86 81 
962 873 66 17 38 55 66 84 100 24 39 
712 523 60 28 88 59 98 59 46 58 50 
884 598 87 41 61 99 40 18 97 63 70 
672 583 53 97 92 21 94 26 85 56 84 
728 864 16 92 49 91 92 30 58 61 60 
799 963 56 25 45 85 19 75 26 95 67 
890 589 39 41 99 91 39 59 52 30 38 
960 692 25 61 37 28 38 29 81 44 45 
940 642 90 33 21 61 88 45 52 80 71 
@comm 1
CHAN0 79 2 1 1 1 1 1 1 1 1 1 1 1 
