@tasks 20
T0 4 1(0) 2(0) 9(0) 14(0)
T1 2 3(0) 5(0)
T2 1 11(0)
T3 2 4(0) 8(0)
T4 3 7(0) 12(0) 16(0)
T5 1 6(0)
T6 0
T7 1 15(0)
T8 2 10(0) 19(0)
T9 1 13(0)
T10 0
T11 1 18(0)
T12 0
T13 0
T14 1 17(0)
T15 0
T16 0
T17 0
T18 0
T19 0
@proc 11
26 0 1
89 0 1
41 0 1
37 0 1
76 0 1
82 0 1
69 0 1
37 0 1
31 0 1
0 0 0 
0 0 0
@times
55 3 856 201 825 336 497 212 725 704 827 
58 48 200 428 374 697 261 753 377 264 751 
23 70 537 697 852 310 458 340 718 468 861 
3 42 410 472 226 523 894 602 407 344 486 
11 3 688 330 526 758 141 741 613 127 295 
3 27 301 895 621 448 269 557 444 872 457 
31 70 969 450 436 678 207 231 368 284 395 
19 30 826 174 629 730 824 231 289 704 830 
69 37 567 924 434 217 265 485 656 356 896 
27 19 969 372 611 955 855 762 298 647 905 
70 69 813 251 682 900 454 252 246 256 812 
45 51 692 607 960 687 447 753 425 370 750 
45 33 214 603 918 332 732 580 146 871 947 
39 40 800 597 695 659 254 341 373 533 738 
17 61 811 805 323 878 299 214 216 789 453 
21 22 423 843 162 955 125 136 384 923 316 
14 5 462 875 339 539 893 774 436 543 567 
17 50 897 629 417 442 723 902 272 756 255 
15 31 313 805 709 580 545 922 484 478 726 
15 1 205 850 637 365 463 926 530 707 308 
@cost
474 740 25 24 92 65 95 36 38 44 33 
775 599 99 76 48 82 71 24 21 77 81 
795 911 93 65 41 90 75 28 67 69 34 
747 736 41 20 70 37 63 44 17 66 42 
863 939 63 83 42 44 96 38 56 81 59 
859 762 85 45 33 29 60 81 22 99 29 
638 928 36 61 99 79 24 98 47 25 56 
644 808 77 43 76 35 52 43 95 27 45 
746 963 92 68 20 21 20 42 18 88 63 
812 576 87 79 72 84 27 58 77 87 18 
877 538 41 82 78 38 49 45 33 92 70 
611 526 49 100 68 24 81 44 22 80 46 
843 490 97 38 66 52 69 46 30 40 77 
728 824 66 69 91 68 16 24 46 26 21 
536 736 100 42 97 77 94 85 49 56 77 
663 915 31 76 63 16 24 51 71 32 67 
633 724 56 38 49 36 46 87 28 97 16 
691 520 68 90 59 97 49 38 88 39 73 
565 649 85 42 99 96 91 42 81 72 98 
504 785 87 63 60 28 38 95 52 75 56 
@comm 1
CHAN0 71 4 1 1 1 1 1 1 1 1 1 1 1 
